mustang 1500 1700 0
redCar 1000 1700 0
yellowCar 2000 1700 0
truck 2500 1700 0
hummer 3000 1700 0
ground_5 1000 1900 0
ground_5 2900 1900 0
ground_5 4800 1900 0
ground_5 6700 1900 0
ground_5 8600 1900 0
ground_5 10500 1900 0
ground_5 12400 2000 0
ground_5 14300 2000 0
ground_5 15300 1900 0
ground_5 16200 1900 0
ground_5 18100 1900 0
ground_5 20000 1900 0
ground_5 21900 1900 0
ground_5 23800 1900 0
ground_5 25700 1900 0
ground_5 27600 1900 0
ground_5 29500 1900 0
ground_5 31400 1900 0
ground_5 4000 1630 6
ground_5 5400 1224 6
ground_5 4700 1700 0
ground_5 5400 1500 0
ground_5 5400 1700 0
ground_2 5600 1500 0
ground_2 6000 1400 0
ground_3 6430 1295 0
ground_3 6730 1295 0
ground_3 7030 1295 0
ground_5 6229 1700 0
water 7850 1655 0
ground_9 11750 1800 6
coin 3500 1700 0
coin 3600 1700 0
coin 3700 1700 0
coin 3800 1700 0
fence 10000 1500 0
rock 12300 1730 0
rock 12600 1730 0
rock 12900 1730 0
rock 13200 1730 0
rock 13500 1730 0
rock 13800 1730 0
rock 14100 1730 0
finishLine 20000 1700 0
CheckPoint
CheckPoint 9000 1700
CheckPoint 15000 1700
EndLevel
mustang 1500 1700 0
ground_5 1000 1900 0
ground_5 2900 1900 0
ground_5 4800 1900 0
ground_5 6700 1900 0
ground_5 8600 1900 0
ground_5 10500 1900 0
ground_5 12400 2000 0
ground_5 14300 2000 0
ground_5 15300 1900 0
ground_5 16200 1900 0
ground_5 18100 1900 0
ground_5 20000 1900 0
ground_5 21900 1900 0
ground_5 23800 1900 0
ground_5 25700 1900 0
ground_5 27600 1900 0
ground_5 29500 1900 0
ground_5 31400 1900 0
ground_5 4000 1630 6
ground_5 5400 1224 6
ground_5 4700 1700 0
ground_5 5400 1500 0
ground_5 5400 1700 0
ground_2 5600 1500 0
ground_2 6000 1400 0
ground_3 6430 1295 0
ground_3 6730 1295 0
ground_3 7030 1295 0
ground_5 6229 1700 0
water 7850 1655 0
ground_9 11750 1800 6
coin 3500 1700 0
coin 3600 1700 0
coin 3700 1700 0
coin 3800 1700 0
fence 10000 1500 0
fence 10250 1500 0
fence 10200 1100 0
rock 12300 1730 0
rock 12600 1730 0
rock 12900 1730 0
rock 13200 1730 0
rock 13500 1730 0
rock 13800 1730 0
rock 14100 1730 0
finishLine 11000 1700 0
CheckPoint
CheckPoint 9000 1700
CheckPoint 15000 1700
EndLevel
mustang 1500 1700 0
redCar 1250 1700 0
yellowCar 1800 1700 0
truck 2000 1700 0
hummer 2200 1700 0
ground_1 1000 1900 0
ground_1 2900 1900 0
ground_4 4020 1800 6
ground_4 4374 1750 0
ground_4 4750 1700 6
ground_4 5104 1650 0
ground_4 5480 1600 6
ground_4 5843 1550 0
ground_4 6210 1500 6
ground_4 6564 1450 0
ground_4 6940 1400 6
ground_4 7291 1350 0
ground_4 7670 1300 6
ground_4 8024 1250 0
ground_4 8400 1200 6
ground_1 9400 1600 13
ground_1 11000 1800 0
rock 12170 1880 0
rock 12570 1880 0
rock 12970 1880 0
rock 13370 1880 0
rock 13770 1880 0
rock 14170 1880 0
rock 14570 1880 0
ground_1 15800 1800 0
ground_5 4800 1950 0
ground_5 8600 1950 0
ground_5 5900 1900 0
ground_5 5100 1850 0
ground_5 5650 1800 0
coin 3500 1700 0
coin 3600 1700 0
coin 3700 1700 0
coin 3800 1700 0
fence 8600 1650 0
fence 8900 1650 0
fence 8800 1380 0
ground_5 6500 1400 16
ground_5 4700 1700 0
ground_5 5400 1500 0
ground_5 5400 1700 0
ground_5 15000 1500 12
fence 10000 1500 0
fence 10250 1500 0
fence 10200 1100 0
CheckPoint
CheckPoint 9000 1700
CheckPoint 15000 1700
EndLevel